957 404 349 441 486 587 340 255 770 732 466 794 522 784 365 986
152 55 529 236 344 242 978 211
655 68 351 945
485 573
659
*
165 766 456 451 487 414 127 230 138 970 120 182 28 196 971 816 290 94 33 265 691 637 385 685 620 739 489 890 743 606 549 688
100 708 977 787 722 19 491 172 723 102 144 350 431 957 888 995
687 91 772 818 769 522 937 400
484 444 894 767
879 902
288
*
179 697 449 162 616 347 492 149 586 660 519 503 642 238 287 72 423 944 471 671 588 728 838 333 112 147 6 325 832 688 245 720 962 601 368 566 337 669 75 49 57 952 202 849 901 163 650 506 155 210 771 253 357 437 644 81 596 625 4 475 904 317 450 417
148 421 472 434 821 599 809 353 452 344 395 662 552 322 318 448 740 31 198 46 931 803 272 573 420 775 310 913 924 201 9 942
539 269 226 788 874 406 521 62 651 232 85 84 658 58 664 286
189 220 970 213 427 106 36 980
388 270 665 621
637 244
146
*
207 803 200 163 981 51 110 335 399 390 912 503 248 742 196 673 232 979 625 556 384 894 213 85 154 637 945 125 309 421 477 300 210 289 989 91 211 172 669 295 526 11 521 77 743 71 252 888 296 872 642 452 1 109 848 79 17 411 92 81 860 622 880 251 259 347 548 34 787 903 97 788 764 15 645 924 855 464 491 304 261 480 900 162 750 322 729 641 303 321 647 726 960 344 466 165 299 738 832 101 545 486 116 262 527 37 782 218 26 675 35 936 577 881 778 222 694 661 166 780 755 986 412 942 460 576 270 541
44 40 278 674 643 886 95 639 987 283 533 343 668 654 156 690 626 353 851 958 921 385 313 312 564 112 260 817 184 108 107 392 997 472 7 868 291 139 192 530 9 505 763 425 493 869 705 2 332 680 842 877 850 301 446 96 898 398 318 627 580 292 934 849
298 286 43 582 765 961 594 372 822 140 427 122 794 708 458 609 592 293 944 909 307 36 226 710 720 568 608 394 630 646 687 621
209 919 241 103 569 950 16 25 922 339 461 560 925 711 735 657
915 284 663 638 864 715 48 601
660 206 484 825
135 655
229
$